10000
73	40	45	80	44
86	97	14	34	87
71	16	95	98	85
43	16	96	96	92
24	9	1	52	77
35	40	95	32	82
36	33	10	22	40
1	60	34	77	75
55	37	46	29	66
74	8	24	21	62
31	82	14	69	19
29	15	63	61	46
19	61	69	73	87
15	51	30	17	65
81	83	23	43	60
78	85	29	15	30
27	38	53	78	72
14	70	74	29	65
10	65	68	5	98
5	94	55	17	20
33	76	59	89	78
9	62	58	84	100
78	80	88	72	60
77	15	27	25	38
41	20	46	14	98
7	94	2	100	55
85	85	84	11	1
95	34	100	30	78
24	1	86	93	34
45	58	79	93	31
10	72	63	62	24
83	40	51	39	94
6	10	55	83	40
69	45	85	58	61
91	90	80	59	32
14	14	95	6	7
30	20	39	33	43
34	98	56	90	53
42	45	76	25	32
29	18	90	68	66
27	51	98	34	81
8	20	92	7	78
25	82	94	4	100
34	22	38	78	12
27	72	82	48	21
43	30	37	23	99
62	38	26	8	30
66	15	93	8	74
34	31	91	14	3
66	35	65	7	87
57	97	29	13	69
10	5	46	54	20
88	35	62	87	27
59	10	17	85	74
66	47	100	66	49
67	8	20	92	13
20	95	92	44	15
12	7	100	8	17
42	6	78	20	52
78	93	97	72	36
91	78	56	80	23
84	70	96	16	17
39	50	89	94	72
48	19	57	55	7
99	14	38	53	26
94	68	37	31	40
81	98	53	44	55
72	12	94	43	61
52	24	55	27	83
6	45	62	7	48
65	99	63	35	76
17	3	69	18	84
38	97	57	51	89
49	5	91	38	25
13	70	18	73	43
99	69	18	77	16
46	50	23	34	33
59	28	54	80	31
92	16	86	49	36
97	27	25	45	73
31	44	7	12	11
85	55	54	79	86
85	75	44	36	67
51	24	63	22	96
11	46	66	55	80
33	53	42	78	41
82	51	19	67	13
19	23	94	87	52
69	39	48	11	2
30	20	49	33	14
59	15	75	89	73
42	78	88	58	71
42	78	16	21	96
11	35	80	33	43
72	20	17	80	90
89	14	32	80	19
59	22	1	39	44
41	37	37	34	76
95	20	14	64	2
98	2	50	67	38
26	2	74	64	47
95	35	13	44	34
83	94	80	14	33
59	54	2	100	75
75	44	14	28	7
34	82	34	71	38
91	50	52	83	57
6	95	87	26	25
88	51	21	24	97
27	62	19	95	28
81	81	96	36	24
99	56	23	51	94
89	9	82	16	44
36	37	14	100	16
54	63	93	15	73
63	43	87	77	55
85	11	88	86	60
73	35	100	36	84
52	62	28	66	57
19	57	84	4	33
22	54	68	9	8
17	36	34	77	16
10	91	1	92	61
36	72	9	30	27
2	87	87	16	70
86	44	54	41	84
2	78	11	7	2
77	59	11	21	37
63	83	13	95	97
12	96	22	16	51
89	85	72	12	50
84	10	14	12	33
47	85	67	57	61
61	76	40	10	74
16	41	28	77	86
57	66	74	53	61
91	29	86	16	45
87	66	70	51	57
84	64	70	76	19
40	24	88	18	32
27	55	82	96	20
1	36	33	75	95
75	10	84	18	100
17	30	18	58	55
48	5	67	90	87
40	45	48	33	74
70	69	23	67	28
85	80	7	79	53
5	18	30	84	94
29	6	27	46	65
4	27	34	63	74
97	29	21	40	75
34	22	73	44	30
21	7	39	56	88
91	28	33	42	43
30	98	8	39	86
53	100	21	72	57
97	54	89	29	76
8	28	87	94	53
29	71	84	64	66
50	16	30	61	77
72	8	41	72	19
21	21	59	17	15
6	52	84	75	75
88	6	78	29	99
73	11	91	51	88
37	87	15	92	79
64	18	69	82	32
5	6	84	69	21
30	98	83	67	26
53	37	79	27	65
65	73	47	81	40
66	41	13	15	66
75	44	48	21	23
75	28	75	59	26
9	58	100	64	82
56	65	46	8	41
82	28	10	29	89
29	38	15	20	22
59	33	97	15	36
10	100	10	75	79
50	79	41	31	57
97	62	81	89	14
90	97	17	2	17
11	42	88	95	77
100	85	98	50	81
95	58	67	39	30
61	33	46	64	60
96	45	20	87	51
22	62	91	40	34
82	77	75	2	69
99	68	6	78	84
98	50	42	48	33
3	100	78	92	90
95	42	1	5	6
1	98	27	6	57
80	87	27	48	92
5	5	28	92	27
39	31	58	21	15
64	81	93	94	38
62	31	57	39	45
29	76	89	90	79
20	86	20	4	66
27	36	65	74	33
94	69	26	28	100
3	91	51	10	25
23	91	3	92	95
45	40	75	92	74
67	10	99	70	82
94	91	42	19	12
99	98	55	84	2
78	53	21	20	99
82	2	61	6	60
7	6	51	1	54
39	43	45	61	32
1	68	47	1	14
30	50	16	5	5
71	77	7	95	94
31	31	20	22	30
48	39	32	46	72
49	61	33	79	98
15	85	53	79	14
96	23	23	53	74
63	9	59	68	69
88	1	64	52	71
76	7	25	27	56
8	96	81	70	52
97	85	74	19	12
39	69	91	8	65
85	17	26	34	88
74	43	62	78	38
69	64	5	59	88
30	41	82	53	15
13	58	60	13	58
38	51	11	33	83
78	35	1	56	58
49	41	46	26	51
55	85	31	50	43
78	22	47	56	34
33	28	22	25	14
88	7	18	44	28
95	42	31	73	42
2	23	18	12	20
14	27	55	81	50
3	3	63	65	89
28	48	13	47	16
84	62	10	22	96
38	54	55	99	60
13	25	100	15	9
72	17	56	13	90
83	13	1	67	77
30	67	79	52	79
87	73	59	1	73
32	93	52	84	28
88	45	81	78	8
76	57	71	85	7
76	86	44	93	34
55	47	100	52	47
57	41	79	40	89
11	43	6	61	66
28	29	95	84	38
55	32	74	33	68
59	83	80	53	39
95	63	65	90	29
8	73	35	69	39
29	67	18	51	54
87	37	76	49	44
30	37	96	42	27
55	14	37	41	26
49	6	44	20	50
4	35	96	37	23
52	14	11	30	12
75	63	39	45	39
24	33	3	81	73
4	75	61	34	82
24	79	87	39	79
94	25	68	82	28
92	71	92	21	82
71	1	93	95	6
36	15	34	5	79
5	9	16	75	88
79	89	56	99	65
17	40	71	74	81
53	93	33	17	23
11	58	20	51	21
61	33	100	40	23
18	54	87	79	16
11	29	53	12	92
47	69	7	10	53
31	89	91	41	68
11	7	58	35	22
5	33	29	20	58
41	21	15	26	76
20	38	3	85	77
36	46	41	93	82
89	75	67	91	21
94	64	66	83	21
59	98	92	89	90
5	14	98	89	87
56	34	87	98	64
75	65	6	49	97
58	98	89	100	32
35	62	69	9	29
41	42	7	85	17
39	27	12	52	26
43	31	6	44	31
74	58	73	29	70
94	73	13	29	80
51	41	44	45	60
78	59	15	98	15
19	76	15	68	6
48	78	55	26	78
81	33	97	95	58
19	92	11	48	15
85	6	64	49	9
91	60	42	63	48
10	36	84	26	44
81	78	85	85	56
6	58	10	94	48
43	26	52	80	62
81	93	25	25	3
61	81	53	92	17
100	8	28	74	73
80	34	43	42	46
76	77	51	62	52
43	55	81	98	18
97	99	32	38	9
87	4	24	26	24
17	83	8	64	22
9	88	21	91	78
65	59	8	98	5
69	18	31	72	67
15	42	51	41	44
61	32	43	71	38
84	50	51	19	69
2	1	76	65	96
50	95	14	8	92
90	54	43	86	87
18	6	4	59	96
80	54	83	90	63
95	87	74	6	55
83	71	57	50	88
39	74	6	44	9
62	85	71	56	97
24	57	71	21	18
77	61	49	6	67
23	89	6	97	37
31	93	75	10	17
19	30	1	25	28
43	82	89	30	73
93	61	89	35	26
84	71	27	87	1
19	92	84	53	19
99	60	15	11	72
50	99	3	15	79
25	93	69	67	57
16	70	1	98	1
31	80	72	22	69
53	47	100	48	96
24	1	25	25	52
25	12	100	66	51
40	50	100	81	38
40	4	79	36	1
60	90	15	37	91
83	62	54	95	95
49	18	99	99	20
69	73	48	60	40
10	19	45	56	26
43	47	56	45	78
12	51	57	4	66
21	27	13	2	86
22	9	6	10	61
36	96	69	1	10
74	47	47	63	80
12	45	50	99	12
91	17	13	94	20
2	96	99	90	54
72	70	94	94	72
17	100	98	12	43
98	19	41	71	96
67	100	99	62	30
7	53	34	40	58
35	99	54	22	93
6	5	90	94	100
50	89	25	85	91
91	82	51	50	62
59	46	46	91	57
86	5	86	57	59
55	98	3	93	6
97	39	98	54	16
38	60	76	16	23
76	73	54	25	43
30	27	88	95	63
80	3	94	49	98
33	53	45	71	57
8	52	31	31	54
96	17	10	22	46
99	11	49	45	88
92	30	78	38	42
75	37	74	47	19
9	78	9	60	56
74	71	84	66	49
53	47	22	67	87
75	95	95	76	34
69	36	19	17	46
14	77	48	22	7
96	95	55	37	54
52	35	30	5	11
79	42	61	47	73
13	94	88	64	75
69	39	1	41	79
90	6	1	97	5
62	86	57	39	6
59	97	90	30	58
7	33	75	67	38
93	82	17	19	94
81	26	26	65	57
29	68	46	70	54
19	10	75	64	16
29	11	50	53	36
16	25	6	7	97
60	89	96	99	13
28	91	7	3	18
9	79	98	45	31
88	37	59	36	91
48	46	61	11	59
38	90	6	64	53
77	81	59	17	98
10	2	48	30	15
21	83	17	85	95
9	93	24	35	69
67	15	3	97	53
6	64	48	48	49
95	85	3	69	29
84	12	8	17	52
6	35	82	41	11
44	81	81	74	3
75	46	17	16	46
56	59	11	82	83
47	95	38	41	25
100	46	62	7	8
11	18	69	30	43
48	9	50	74	13
59	69	4	2	78
12	14	82	100	80
36	19	9	86	73
45	1	81	39	72
85	36	26	93	65
5	9	99	65	89
50	44	9	13	32
12	94	25	75	38
65	2	67	27	20
69	97	93	24	20
98	81	61	58	5
66	89	17	39	56
68	72	40	52	48
39	100	43	95	41
60	67	20	28	76
6	12	37	84	80
17	57	80	17	35
43	48	70	89	97
96	41	49	50	90
8	55	50	53	17
48	46	24	49	8
68	68	61	92	44
20	69	53	90	95
47	59	23	16	31
48	38	37	3	1
67	72	72	64	59
7	69	82	7	76
24	22	84	35	53
75	54	77	62	14
64	21	47	43	31
22	29	73	30	18
37	32	35	4	29
99	74	17	4	91
89	58	34	62	68
42	26	39	24	93
32	94	24	54	49
13	96	22	68	27
15	79	68	52	53
48	65	37	87	31
31	56	5	89	19
42	21	27	10	67
55	20	92	51	34
71	12	93	93	1
17	14	75	76	30
7	78	66	80	83
13	86	15	79	45
54	43	62	41	81
61	56	78	17	59
31	62	47	78	72
10	59	58	80	17
97	92	11	99	33
53	79	28	100	91
93	52	41	63	18
58	51	37	19	80
53	33	99	77	54
51	4	93	16	58
20	52	5	50	21
18	65	53	58	12
54	78	31	97	49
68	26	87	21	27
3	88	52	17	55
23	71	52	55	40
51	26	40	18	34
85	56	19	21	68
79	88	21	98	87
26	93	80	67	1
47	59	10	52	80
48	89	32	96	3
41	91	10	82	33
74	22	21	51	33
57	87	52	1	25
26	91	71	9	66
39	98	85	91	47
48	66	54	22	100
9	17	88	16	48
80	80	38	9	1
54	7	65	50	39
26	20	32	27	64
97	19	25	16	42
21	60	62	4	98
34	21	83	66	11
43	51	19	79	63
68	25	95	100	58
72	77	68	34	61
63	94	98	47	21
10	55	5	54	72
32	41	70	76	5
62	97	1	84	50
40	4	25	43	11
3	53	70	82	36
74	99	71	49	88
67	11	55	20	50
84	36	16	60	64
84	100	66	15	74
94	33	81	82	78
48	31	18	78	61
14	99	58	58	44
91	66	74	97	82
46	33	60	30	87
78	10	46	96	2
20	20	36	92	23
44	29	95	93	69
21	39	23	8	59
73	5	97	10	5
2	11	1	16	71
70	71	89	77	51
16	50	19	25	5
62	8	100	28	6
72	60	35	93	74
54	86	88	81	55
88	88	28	78	75
25	90	87	12	17
26	57	94	86	55
53	88	88	27	5
57	18	79	21	87
21	72	25	96	59
86	36	91	33	90
96	94	72	53	13
54	57	2	96	10
68	87	74	45	81
29	58	46	95	68
14	25	20	12	78
10	99	29	22	16
88	66	95	32	74
54	8	38	3	19
42	48	74	22	45
40	3	42	24	92
54	16	4	60	36
93	59	11	89	19
6	17	1	3	47
92	98	83	45	56
24	55	35	42	39
47	85	89	27	75
16	78	5	94	92
40	52	33	84	48
85	82	43	83	99
60	69	12	56	91
76	78	63	79	55
34	53	98	48	9
79	60	26	69	76
32	84	29	72	50
76	80	26	81	86
2	98	79	67	37
10	61	42	43	57
99	34	73	95	66
21	63	32	40	55
15	56	11	28	10
72	55	52	17	66
56	53	100	85	34
46	4	48	13	50
41	72	22	47	77
41	80	12	71	29
79	9	44	93	15
37	37	29	95	98
7	10	59	89	52
9	73	38	17	83
99	32	94	72	66
76	52	7	5	70
63	37	11	24	80
100	83	70	55	19
13	17	47	96	9
37	84	45	57	4
12	43	8	11	13
64	19	58	37	34
65	50	56	14	15
10	51	38	69	6
79	93	78	45	4
58	45	99	91	76
94	46	2	6	62
70	29	24	37	49
57	34	95	64	17
55	91	32	27	96
75	5	18	74	94
21	72	58	83	52
45	20	43	69	20
47	31	30	91	68
13	72	16	89	73
2	21	78	63	30
99	65	21	62	83
14	33	95	57	74
89	81	92	55	33
12	18	32	17	85
60	100	55	57	99
20	8	12	28	17
59	73	88	84	20
60	48	66	10	13
74	37	32	40	75
100	3	12	51	10
61	8	10	16	35
73	63	44	73	52
11	56	42	4	48
80	59	51	67	100
85	90	76	97	100
6	28	95	80	70
66	77	37	40	61
31	68	27	61	1
17	68	32	54	73
38	63	37	71	77
31	29	57	92	17
96	53	65	26	70
7	55	55	36	47
65	90	47	63	66
38	24	9	77	75
26	68	50	46	9
20	11	23	58	36
72	52	49	18	44
25	57	3	56	73
64	76	25	95	92
16	80	13	100	77
45	96	60	50	88
5	79	88	38	87
2	3	30	17	43
45	88	48	54	89
83	80	82	36	96
59	46	75	85	74
18	37	55	19	84
43	97	85	14	77
99	62	32	64	60
70	43	69	75	93
14	27	27	49	11
89	73	100	78	2
65	2	91	30	77
25	57	78	85	53
39	27	70	62	95
80	73	37	40	99
6	17	54	23	51
63	23	41	20	51
13	62	20	39	39
24	77	86	96	58
87	60	58	61	43
24	55	65	80	7
91	47	94	8	96
80	71	23	95	39
83	89	98	8	77
21	16	93	20	66
52	1	10	9	73
51	43	8	20	82
55	30	15	76	40
6	81	61	41	82
46	49	33	79	83
83	40	87	88	96
91	12	17	76	14
23	44	3	76	13
78	56	60	96	86
85	16	100	94	55
24	21	45	15	61
30	98	92	73	98
86	23	6	92	80
65	33	2	94	57
25	50	37	64	16
48	95	20	95	48
83	55	34	37	58
60	32	93	100	8
42	40	69	2	22
90	94	74	21	23
48	16	33	16	39
29	32	28	44	24
43	50	62	62	41
71	24	98	47	55
18	65	100	95	55
32	81	62	87	55
40	75	36	80	47
26	24	16	100	99
2	83	60	87	22
98	53	55	17	73
58	80	52	3	67
99	10	78	16	42
86	28	11	11	52
73	14	61	77	73
66	31	69	28	26
52	3	86	71	28
96	77	82	10	53
17	34	29	20	31
4	42	56	69	49
93	49	51	83	95
94	67	45	61	14
56	4	43	95	49
20	56	2	67	17
17	77	9	57	33
6	63	80	8	53
56	23	74	85	89
24	74	75	32	79
43	99	2	68	7
20	74	23	52	34
57	21	56	71	48
24	1	97	57	3
5	67	17	4	94
33	75	24	17	82
16	33	65	61	19
73	45	58	6	23
49	99	4	72	84
69	3	34	68	98
96	55	92	31	4
90	77	81	37	30
84	39	81	65	90
2	45	78	60	40
11	4	9	2	43
89	75	75	85	85
73	34	30	9	86
87	40	76	81	78
38	21	29	41	21
21	17	96	32	33
8	16	21	64	49
71	27	65	98	57
65	7	35	8	72
50	56	97	82	88
87	18	97	32	72
95	30	34	94	98
10	91	73	80	77
55	100	58	99	6
43	69	60	3	17
24	54	96	53	82
55	36	98	49	55
93	89	43	57	36
35	2	90	94	21
34	24	87	89	96
96	38	25	87	72
34	52	40	28	64
48	12	48	28	26
69	63	57	16	5
32	66	99	59	72
92	31	34	59	4
27	32	94	78	74
71	62	88	59	55
78	16	68	30	100
20	65	47	6	36
43	56	67	51	97
89	2	70	8	85
56	24	52	25	80
65	48	29	41	100
79	86	61	52	96
3	75	58	80	91
51	46	67	35	91
18	70	21	12	6
36	1	53	86	29
17	47	86	30	60
79	37	26	7	11
16	53	19	16	61
61	12	14	61	80
94	16	23	25	11
19	42	58	44	85
96	79	64	50	94
21	16	68	73	99
94	87	6	81	62
98	63	13	90	23
23	77	42	86	90
100	32	97	15	92
71	5	44	79	49
9	72	5	36	30
8	16	33	65	20
62	58	78	48	94
76	33	78	73	92
28	24	18	97	21
69	37	31	48	76
49	75	52	73	59
9	10	62	97	73
61	54	44	98	88
26	62	39	81	74
8	48	25	74	29
9	40	51	65	64
5	37	98	99	88
47	56	31	23	98
27	55	76	54	85
93	13	50	77	97
40	85	2	80	20
58	48	97	73	71
26	59	8	40	21
65	21	63	81	24
8	43	96	89	34
7	71	71	66	94
98	19	97	88	3
97	40	27	28	7
28	20	35	2	29
14	77	58	63	77
8	69	8	45	6
66	61	10	98	80
87	20	48	18	51
61	43	84	36	52
59	5	48	69	95
79	21	42	14	38
86	3	86	31	82
77	75	12	6	18
35	66	49	83	79
87	26	37	30	96
33	16	94	75	76
58	25	30	92	54
35	88	73	82	97
44	3	14	12	80
79	84	80	10	6
90	31	19	35	24
36	82	75	71	90
93	14	49	33	74
29	60	27	45	68
46	54	83	74	61
33	95	26	11	93
5	36	43	68	19
55	48	61	48	84
84	40	99	31	1
98	32	24	96	33
39	89	9	42	35
43	61	67	63	23
62	40	89	54	19
33	73	44	16	48
98	27	44	8	25
34	76	100	69	67
35	87	42	98	48
96	58	41	80	73
65	57	94	52	90
50	69	7	82	58
6	46	14	25	59
70	63	18	69	55
55	6	11	80	91
48	5	13	43	87
65	59	85	28	92
52	68	20	54	34
31	83	5	55	28
34	81	32	74	21
47	20	79	16	84
77	57	89	74	17
45	62	74	12	94
26	89	51	63	90
37	82	66	59	28
6	33	94	37	31
54	8	92	69	39
4	51	5	75	43
65	14	92	90	77
62	38	95	95	79
78	70	48	22	38
55	89	89	70	70
71	91	27	88	17
97	63	72	69	86
3	39	27	54	79
74	66	19	53	29
69	55	73	93	2
25	35	97	40	88
45	1	53	1	71
5	2	36	11	82
22	22	29	48	89
47	83	70	18	79
68	30	60	98	32
44	34	7	23	63
3	33	12	37	5
79	62	33	30	69
51	43	58	11	8
32	40	7	40	73
1	34	84	76	3
67	4	80	62	98
95	35	92	1	40
82	20	52	46	27
62	88	87	10	41
52	33	2	89	73
76	8	18	91	81
73	46	95	57	64
64	69	64	51	24
32	36	71	64	56
40	89	69	78	1
76	71	78	89	23
4	63	57	21	91
76	75	61	25	91
12	37	90	71	45
90	32	11	73	65
97	45	7	3	50
35	49	3	56	79
36	73	45	70	43
59	29	33	86	57
19	57	96	99	10
77	35	10	30	72
64	61	56	13	41
77	93	57	86	12
47	38	7	20	39
38	9	67	85	11
62	11	51	24	6
76	30	59	8	7
5	99	22	14	56
2	90	45	90	76
27	47	54	16	5
2	21	10	56	32
43	45	62	91	70
38	48	28	95	16
11	62	98	59	39
81	74	61	5	78
29	88	52	80	59
12	50	1	36	94
10	15	53	47	62
36	92	68	82	66
85	9	28	63	16
56	26	100	41	50
77	57	11	25	26
90	37	10	36	51
65	93	63	82	20
61	21	11	82	25
19	65	72	64	70
8	38	76	42	65
4	30	29	12	93
25	37	73	53	13
15	82	26	12	35
76	60	49	20	34
87	30	4	93	11
47	15	46	3	83
36	16	50	92	22
14	48	76	46	57
30	11	56	44	39
62	37	15	14	37
24	18	99	62	34
33	13	100	18	84
33	33	91	59	77
62	78	9	92	92
38	88	4	87	16
69	85	80	93	16
62	16	24	10	32
81	56	15	39	31
42	49	78	71	77
39	4	52	64	88
20	13	88	40	67
82	3	62	18	98
54	58	8	87	60
93	39	90	59	57
41	99	25	51	47
22	47	33	59	23
7	2	26	42	5
24	41	57	62	80
68	13	2	31	71
85	84	74	84	70
64	77	96	53	26
11	35	91	14	77
24	45	64	54	50
88	4	42	16	44
24	57	44	22	86
61	100	5	55	55
61	80	66	72	66
73	94	41	92	81
12	1	18	9	94
22	8	69	75	33
64	84	18	62	77
93	72	84	95	57
80	52	86	90	36
18	17	9	89	11
87	84	56	58	80
87	64	57	70	43
70	72	83	67	75
45	1	20	1	21
61	39	98	96	98
55	50	83	96	14
19	67	70	63	23
53	81	84	34	85
4	29	92	10	32
38	86	85	6	62
19	13	5	28	56
18	99	83	30	76
53	6	61	63	26
26	18	86	2	79
71	83	2	25	86
74	13	54	12	6
7	1	100	61	53
63	77	36	8	20
68	84	44	68	37
62	92	60	40	11
19	10	99	4	81
22	58	78	47	45
41	75	17	68	96
91	9	64	57	62
38	34	9	87	76
89	51	2	48	11
43	11	8	30	64
28	39	50	31	75
73	100	55	28	98
14	17	100	62	61
65	19	82	79	19
86	45	11	64	72
41	43	98	29	94
20	53	20	13	9
15	59	73	92	29
73	51	64	34	45
56	88	100	62	28
79	41	69	64	75
91	73	43	5	13
27	82	28	34	63
11	79	61	39	91
50	22	15	7	91
30	53	94	37	22
89	55	89	42	22
17	97	93	59	27
12	70	73	30	68
52	6	58	68	9
3	76	80	75	30
15	50	71	96	83
86	5	47	11	30
41	56	86	59	47
34	20	99	90	98
33	9	7	4	68
92	46	88	82	72
29	40	68	33	29
64	20	19	57	95
52	73	10	36	84
48	56	2	20	45
69	9	98	32	1
52	26	48	52	48
98	95	30	15	15
29	73	40	22	72
25	28	100	48	90
40	46	64	30	88
65	59	89	43	93
32	71	32	93	93
1	98	96	36	73
64	39	9	59	6
1	6	7	43	94
90	23	50	22	72
16	44	51	23	82
29	13	32	84	57
66	32	8	63	94
15	30	20	83	90
41	62	9	48	2
5	39	88	99	91
33	1	63	43	40
37	48	14	59	19
14	79	22	8	76
47	41	22	75	8
40	10	100	83	14
52	59	82	39	70
82	46	53	81	81
19	97	12	39	44
2	2	77	85	62
28	2	78	25	95
45	2	87	79	90
25	89	69	25	81
49	89	66	15	16
54	90	38	91	92
3	80	48	5	42
20	84	63	71	65
4	68	93	35	73
23	33	71	59	72
18	87	39	90	2
39	14	43	83	18
84	33	45	85	51
44	52	16	7	86
100	43	89	65	98
57	59	80	32	40
53	14	74	22	10
87	31	73	58	47
33	87	78	88	73
34	64	29	84	96
36	60	86	3	46
84	47	63	67	62
55	35	17	56	12
62	50	1	39	84
44	100	34	8	48
69	15	12	65	93
78	88	94	95	39
74	25	79	87	99
97	95	37	27	75
65	48	32	67	48
69	61	11	65	61
56	55	83	55	20
62	5	87	74	4
15	84	69	47	12
70	97	54	67	5
16	83	100	65	31
47	1	25	30	76
3	91	83	11	45
12	46	15	15	1
88	56	48	7	21
92	1	23	78	19
37	3	57	99	45
56	1	65	29	21
64	61	95	64	56
89	73	91	3	2
37	75	28	42	83
95	19	22	54	8
70	30	45	92	20
46	13	34	67	81
36	58	85	67	23
31	18	64	51	40
74	6	89	91	95
94	66	3	27	32
5	64	2	3	71
22	6	2	25	12
38	58	90	92	32
54	78	67	2	33
73	82	73	84	46
42	7	84	21	66
80	93	64	88	6
12	56	53	8	7
57	71	4	58	71
80	25	58	83	13
93	86	95	13	42
45	19	77	45	56
61	96	95	36	45
15	62	93	93	14
3	81	29	63	4
49	7	94	89	85
10	87	74	79	2
6	26	19	3	89
12	61	20	90	81
49	77	55	84	20
38	31	56	84	38
67	38	60	27	87
97	17	96	78	38
54	10	12	68	82
94	8	77	33	54
97	25	69	36	43
59	88	93	99	39
25	58	79	35	18
18	75	95	31	82
10	98	87	76	74
26	70	94	54	66
20	87	4	94	75
9	6	47	22	78
60	78	61	68	85
31	13	46	53	65
29	61	48	69	8
18	34	74	46	1
79	53	72	30	91
38	76	1	65	73
14	92	29	85	38
65	56	73	18	39
51	6	90	23	16
26	52	73	13	87
51	26	45	30	91
44	100	28	19	41
29	92	79	84	60
18	29	75	64	13
99	3	97	68	3
13	15	97	28	20
69	84	55	63	11
6	9	48	3	55
91	2	83	13	91
25	30	60	65	72
30	68	28	28	89
74	31	4	4	8
6	58	34	87	68
55	3	79	12	13
63	83	7	41	81
80	37	83	94	32
9	67	96	90	78
42	60	1	35	38
77	50	13	94	64
34	42	58	20	5
24	100	59	40	56
52	95	59	89	83
24	20	56	92	89
4	89	84	71	47
4	78	68	51	14
13	47	75	84	3
65	63	19	83	58
36	13	39	40	87
33	25	69	57	67
91	56	52	76	91
17	32	94	2	60
65	55	40	69	59
31	60	62	95	57
84	12	67	64	32
26	93	30	1	55
19	95	9	86	72
13	45	20	56	25
25	40	62	18	71
90	11	74	63	65
33	53	29	85	75
73	64	1	36	82
32	72	37	62	7
77	54	29	75	88
40	13	97	72	8
85	52	70	29	4
72	1	90	13	91
7	67	71	40	76
75	1	41	44	46
75	77	7	46	42
11	3	20	2	93
3	77	55	95	69
28	36	12	87	39
24	68	93	85	54
20	21	8	4	70
91	9	33	34	23
94	15	65	7	39
71	57	62	2	7
23	48	52	1	96
9	6	6	14	27
41	32	21	96	30
24	91	9	8	92
64	6	41	12	64
48	40	81	46	27
14	26	36	75	19
96	28	34	70	46
51	94	27	30	55
83	78	24	28	77
90	95	78	93	77
34	22	12	88	43
64	72	15	70	10
83	8	18	28	56
87	39	92	78	31
78	44	66	82	1
37	51	79	12	44
60	42	76	41	96
84	14	40	5	32
30	92	61	2	44
97	4	45	60	12
33	53	12	55	7
55	51	13	69	98
19	94	40	21	71
73	99	69	3	89
7	78	64	54	72
39	79	26	76	81
14	46	95	64	64
42	70	78	25	21
87	57	67	49	88
48	3	99	54	63
98	86	46	9	4
67	52	73	56	4
10	100	60	92	52
11	22	26	57	7
38	22	50	74	87
82	91	37	85	40
96	66	86	42	82
54	8	26	43	96
19	10	28	50	35
71	45	47	20	69
86	25	59	76	33
35	4	70	34	42
28	38	81	74	9
81	83	84	15	10
36	3	23	49	4
2	17	69	55	25
25	30	1	28	54
79	33	33	28	12
82	73	63	45	75
44	24	17	90	61
35	100	49	52	16
71	26	17	90	41
65	76	79	86	3
74	44	57	73	68
53	10	56	74	85
21	22	38	64	17
64	11	18	12	81
80	64	95	97	83
84	49	59	62	54
92	45	56	93	100
58	41	20	57	55
71	89	11	16	75
19	66	23	86	90
48	2	68	57	19
61	74	92	49	80
20	33	84	40	77
96	66	58	50	97
39	7	60	77	51
42	80	86	3	25
42	71	2	91	20
54	38	57	36	20
65	19	51	52	64
85	7	20	73	26
27	70	55	41	8
28	64	55	67	50
73	70	99	90	65
7	64	71	35	81
86	6	58	76	96
3	97	73	88	45
35	73	1	24	79
88	71	18	58	74
56	37	85	25	81
76	19	23	23	95
8	63	66	64	11
3	25	34	18	59
12	87	84	84	91
46	99	30	81	4
67	47	59	42	16
82	55	3	18	72
32	47	61	42	30
52	9	20	59	91
34	7	49	47	21
58	23	39	6	20
85	89	24	15	19
22	40	89	50	8
61	67	63	80	74
2	14	10	93	13
36	15	42	15	54
71	73	53	58	25
9	79	46	10	8
24	45	57	37	75
57	56	24	59	49
52	86	56	49	82
76	36	66	98	75
11	58	15	77	49
39	66	36	2	92
67	38	4	17	88
28	52	22	95	56
91	52	21	95	43
98	41	76	97	20
15	35	53	19	40
93	4	62	6	6
13	80	93	5	40
70	44	69	10	84
94	66	25	21	100
69	6	51	24	21
70	86	79	64	50
71	20	10	95	63
68	64	23	23	4
27	38	79	69	55
98	12	74	1	38
92	74	92	7	16
79	71	4	44	42
20	36	61	67	98
96	54	36	44	70
73	79	99	41	100
92	45	32	10	80
27	62	85	14	90
87	8	77	19	38
49	47	76	36	74
96	68	23	100	47
4	18	48	96	68
42	12	53	32	90
24	91	67	74	22
77	34	65	91	30
43	95	80	94	78
28	96	35	94	61
80	1	98	96	85
86	75	34	52	82
83	22	20	69	58
18	96	38	46	35
92	49	63	88	75
4	2	4	24	95
54	9	10	19	6
86	72	38	33	64
78	53	21	72	89
41	84	23	34	85
57	21	49	5	53
77	42	71	54	29
71	27	70	95	96
29	88	83	45	59
24	42	42	85	65
42	67	98	5	57
7	39	14	31	91
97	50	2	37	69
34	21	79	4	28
39	16	29	2	8
24	67	68	54	57
23	93	31	82	13
89	27	47	28	12
64	26	27	57	23
19	92	72	71	30
32	77	1	76	23
77	88	23	1	2
87	62	94	97	34
33	44	89	8	61
55	24	45	41	1
17	58	78	50	87
17	69	77	12	97
12	32	49	70	64
19	9	69	91	37
23	35	84	46	27
68	60	36	70	33
73	18	11	87	3
7	47	61	25	5
50	76	66	70	89
75	93	82	56	82
69	67	31	66	45
37	89	2	76	5
5	83	3	75	71
43	39	83	13	60
65	57	94	40	35
61	37	27	3	34
80	45	76	56	56
21	44	4	25	79
45	81	54	43	62
48	9	85	79	54
12	8	68	40	25
58	4	8	24	53
77	88	18	69	84
33	27	19	28	94
41	36	25	78	83
36	88	37	22	76
95	85	52	43	11
86	13	78	16	2
86	12	13	5	37
38	62	4	64	68
3	99	46	47	40
6	29	11	9	12
91	31	46	38	85
99	30	28	53	90
94	77	30	19	43
26	86	64	71	37
60	94	24	93	48
1	58	92	98	86
24	73	77	93	89
89	1	50	97	28
23	18	48	37	33
63	65	52	17	30
13	97	17	51	97
88	10	44	28	27
12	85	76	79	52
44	76	15	47	16
80	58	68	49	15
88	80	22	22	71
71	35	85	96	94
75	18	34	3	61
33	1	93	85	7
37	72	12	68	96
70	20	82	52	7
33	57	88	49	50
90	26	59	2	29
64	74	27	21	22
31	10	7	27	39
31	83	19	68	10
85	87	67	58	67
43	15	20	69	90
7	49	80	98	31
98	11	95	7	7
14	82	81	52	45
14	78	67	17	7
3	74	22	79	98
49	75	41	7	82
24	20	89	36	52
64	7	55	75	10
63	59	90	76	32
11	40	53	94	33
24	20	16	94	34
8	11	48	99	74
48	31	24	32	74
38	11	58	10	83
6	100	88	18	50
60	67	60	27	28
26	100	73	41	39
25	1	20	51	90
25	18	85	9	15
85	10	49	28	33
47	20	49	48	10
76	36	78	65	51
87	74	38	66	69
37	58	19	88	9
89	83	89	32	28
49	49	97	26	45
30	21	96	23	37
16	17	37	23	8
68	74	88	47	80
74	5	43	29	16
100	14	85	87	33
35	45	9	63	21
68	24	2	87	59
39	62	97	1	1
24	78	50	69	91
17	65	50	46	67
42	42	72	86	48
67	100	54	77	16
35	31	9	61	75
94	46	24	60	80
49	98	14	37	63
82	49	52	70	47
55	32	23	29	83
84	73	20	40	75
74	22	84	96	44
21	32	26	24	43
98	56	86	82	24
6	58	45	17	59
68	41	88	98	72
52	64	94	96	16
56	6	46	94	97
82	8	73	37	91
98	22	31	19	62
85	21	85	33	62
32	90	28	6	10
18	1	48	94	33
66	79	17	94	2
71	85	31	81	19
45	80	65	97	71
36	25	59	23	49
34	7	100	57	69
88	52	21	15	57
20	9	71	51	35
48	45	23	89	61
59	33	30	35	75
59	7	28	81	40
13	23	78	60	70
61	98	64	88	47
52	63	50	34	17
29	39	91	82	45
46	93	44	99	92
94	61	37	55	28
13	90	98	66	3
34	25	51	45	96
49	31	86	43	85
5	18	24	27	85
7	35	39	7	97
53	29	7	100	53
55	52	89	39	98
93	77	49	98	89
92	48	24	64	87
39	50	18	69	96
100	13	84	60	2
53	68	33	11	26
16	8	100	82	47
28	86	44	27	97
99	28	22	63	5
77	20	19	60	100
52	10	8	39	96
15	50	21	2	27
74	37	74	27	39
1	71	100	1	13
72	47	28	90	6
28	48	65	96	91
33	27	36	2	89
89	64	7	100	1
53	9	52	38	63
64	84	41	58	77
69	24	13	19	65
8	13	15	54	100
44	25	63	68	66
84	43	22	74	73
98	68	44	51	71
89	62	42	45	98
2	92	7	31	79
16	43	17	80	65
15	6	85	15	15
29	7	36	85	60
81	61	6	63	6
78	98	69	40	13
29	61	81	87	52
2	98	49	42	11
96	46	48	46	99
39	2	93	41	31
38	75	90	89	84
35	91	48	100	6
6	34	94	45	53
38	93	42	98	15
89	7	84	27	48
76	1	24	85	60
100	58	63	66	64
68	71	36	6	21
78	21	41	12	19
98	40	36	90	58
96	92	65	86	78
100	33	56	97	37
94	48	59	51	34
41	18	85	42	96
94	9	80	23	28
3	94	11	15	71
89	70	36	25	23
49	18	93	5	17
98	19	62	17	87
78	98	72	100	35
82	16	51	68	3
26	37	86	58	15
4	100	77	68	74
40	52	99	40	34
47	38	51	1	76
57	82	47	86	31
4	94	15	59	62
22	97	8	18	57
53	71	49	50	62
21	3	38	4	47
28	58	68	64	100
70	94	59	96	57
3	80	31	21	48
72	47	22	56	81
18	45	100	12	86
75	53	20	54	22
13	43	68	27	26
5	95	93	1	51
48	11	27	80	66
3	28	85	17	28
51	87	1	95	74
57	50	29	34	52
84	32	79	12	83
60	63	82	83	8
43	5	16	13	82
2	44	22	48	40
68	26	65	87	85
17	15	76	18	76
78	62	61	73	21
42	75	53	40	15
33	98	41	74	75
75	99	99	11	9
72	60	22	68	51
27	44	3	80	97
20	70	58	95	18
47	92	68	20	70
16	20	31	78	27
4	57	97	47	43
88	91	15	86	62
95	29	73	93	87
65	51	14	69	9
30	21	29	75	34
49	96	52	93	1
53	43	80	35	24
46	78	53	32	99
93	59	36	70	55
3	5	92	15	99
26	42	71	3	63
99	24	88	8	79
1	5	67	71	94
1	22	78	80	69
48	95	74	18	57
1	20	52	69	60
43	51	26	31	97
2	23	85	65	16
45	78	1	54	71
36	89	82	45	89
17	20	11	5	14
55	9	42	81	22
47	11	80	30	95
50	81	64	70	37
67	95	80	62	52
77	77	92	36	23
59	17	87	54	51
75	55	49	95	8
32	34	45	21	55
23	61	88	74	42
26	80	6	76	33
49	65	80	30	48
79	1	13	92	89
22	33	31	13	60
17	49	86	42	99
7	86	99	84	78
22	66	4	80	23
74	37	53	54	74
44	23	94	100	74
83	23	35	86	69
57	8	30	49	14
44	96	13	35	10
62	66	86	7	79
22	53	39	66	31
43	76	85	20	99
28	73	16	92	30
20	97	66	18	62
21	27	27	43	49
17	88	85	19	58
61	23	89	34	18
59	28	71	35	11
75	33	52	63	10
1	90	22	76	19
86	79	90	4	57
95	61	17	44	39
95	96	77	3	61
65	8	55	96	2
34	30	34	76	9
49	74	34	21	29
95	59	82	18	24
45	67	7	26	62
30	70	58	75	90
93	32	16	66	91
91	42	9	57	54
18	68	54	99	40
56	81	23	36	18
53	94	94	22	59
80	83	3	99	49
80	11	76	37	12
89	53	55	16	69
88	13	63	99	72
16	65	76	29	17
81	94	61	83	63
34	77	97	13	36
5	79	62	52	59
57	94	21	28	36
45	76	11	48	70
42	82	63	97	13
54	52	14	10	44
4	4	45	46	35
21	80	78	35	32
77	67	54	92	72
14	59	59	97	91
85	48	56	99	98
84	71	43	5	48
53	15	100	75	87
3	92	10	70	34
97	98	52	99	93
43	64	87	86	20
76	83	3	100	97
89	64	21	20	59
70	53	33	20	53
52	78	39	3	53
12	100	56	18	10
71	37	29	81	17
95	4	66	20	56
75	14	8	37	43
15	91	71	63	81
36	69	85	94	67
33	70	60	21	82
2	94	6	35	63
42	23	6	12	44
29	71	87	56	64
44	17	24	79	61
11	62	1	37	76
80	3	37	83	76
42	10	35	39	56
35	22	17	58	76
27	16	28	15	42
9	53	42	29	47
76	64	95	31	28
9	59	12	42	14
82	31	36	41	74
53	78	9	41	6
21	44	21	97	33
75	44	24	26	93
74	28	4	98	27
99	3	40	14	66
3	60	59	20	98
74	6	50	33	19
87	37	100	36	5
61	53	6	26	82
16	60	58	73	22
82	61	47	59	46
34	40	67	20	86
90	21	95	99	86
40	50	24	8	96
19	22	8	56	54
61	55	29	29	22
75	32	62	58	24
47	21	88	37	47
38	37	73	87	56
66	48	92	68	45
61	51	57	46	70
9	20	68	49	22
31	65	31	67	65
50	18	52	32	57
69	66	77	57	70
10	5	79	90	10
59	20	8	17	10
34	29	66	29	18
43	17	16	51	90
78	61	85	34	90
49	93	99	94	68
49	41	66	41	68
51	42	84	23	39
37	36	25	34	28
42	42	42	78	46
97	57	74	56	56
76	6	100	7	8
15	60	83	28	5
57	51	71	57	31
7	46	23	93	17
8	91	10	21	25
64	85	93	7	1
20	37	36	5	29
27	21	87	81	57
14	20	7	100	66
38	60	81	47	95
46	88	12	46	14
46	15	76	82	6
90	65	63	66	48
17	47	69	63	48
37	99	88	86	45
25	17	44	12	85
60	99	92	94	66
22	66	74	6	57
6	58	76	49	92
16	26	6	83	88
24	6	15	72	69
82	90	68	18	48
76	48	58	52	27
73	44	62	20	20
84	96	62	69	41
61	39	75	42	18
84	16	83	80	57
23	95	25	92	36
97	78	46	50	82
83	44	54	54	5
97	71	5	98	89
18	68	65	24	76
22	26	9	76	98
45	43	97	63	67
9	91	89	48	90
93	16	39	89	59
67	12	87	46	59
77	4	19	7	66
61	11	52	73	18
82	86	99	79	38
67	13	26	60	60
94	94	100	15	19
93	98	97	57	93
75	9	39	52	14
73	46	91	78	58
6	19	17	82	92
80	56	51	91	49
88	11	20	67	48
39	98	51	91	26
92	90	89	15	90
14	73	16	34	84
99	54	12	18	12
64	85	43	88	73
41	84	4	51	76
14	100	23	14	53
2	54	25	85	19
22	97	13	98	62
19	52	99	17	94
15	12	23	29	76
81	68	27	6	63
80	58	59	31	59
6	81	25	93	98
48	26	66	6	39
31	91	24	85	46
21	11	32	35	57
39	60	85	66	52
73	65	83	76	17
39	11	83	9	38
97	95	75	69	7
66	54	54	37	21
87	43	17	74	49
50	46	39	64	83
35	4	45	63	16
53	99	7	37	81
66	61	42	30	52
36	5	67	79	11
14	58	42	11	10
91	35	46	95	6
8	51	91	22	58
9	17	34	85	97
63	84	12	7	69
84	96	17	39	76
14	31	79	17	66
40	74	12	22	51
54	18	99	78	94
12	82	12	55	76
20	20	75	42	6
94	94	92	70	11
73	44	30	93	16
71	90	16	12	16
61	34	33	71	37
40	78	27	28	81
76	77	87	68	75
11	6	41	26	1
4	18	10	87	12
15	66	15	59	72
100	72	11	20	50
76	84	4	48	79
62	94	17	34	23
15	69	7	60	52
23	44	3	15	1
36	49	34	65	76
4	3	97	96	33
44	22	29	49	2
3	13	60	79	65
56	97	7	93	66
17	13	44	68	29
13	70	35	11	97
8	88	79	68	49
31	46	19	100	52
69	48	50	76	67
68	69	45	61	80
61	57	62	19	34
89	75	24	96	43
68	49	86	49	55
96	1	81	19	48
64	90	76	62	46
72	88	93	43	51
83	11	26	70	81
23	11	90	18	94
77	51	82	12	68
18	77	91	11	37
88	29	53	26	23
41	55	7	37	66
15	12	73	99	9
49	86	100	37	3
78	3	36	23	16
23	41	71	77	70
66	60	25	41	66
79	83	59	63	79
4	64	90	76	76
47	26	17	88	40
17	84	22	82	12
46	41	33	24	92
9	29	26	4	100
15	37	98	50	34
87	56	58	53	82
65	39	50	99	71
61	18	19	49	73
90	50	17	30	41
32	56	11	40	91
27	50	6	73	81
90	95	98	75	8
95	15	28	34	43
43	49	12	59	100
90	22	33	77	23
56	39	61	86	98
69	68	98	87	53
96	77	30	37	8
29	89	62	45	20
30	85	15	13	16
84	24	10	75	36
66	28	75	71	48
33	19	26	10	5
52	8	65	97	34
71	37	63	48	43
14	32	85	10	43
48	66	12	22	44
85	15	22	62	8
81	9	40	16	83
41	43	98	2	83
62	96	39	22	26
57	45	71	41	10
13	53	82	72	77
84	99	93	95	76
81	62	27	54	57
14	79	39	16	29
13	3	72	97	5
32	3	19	90	53
34	88	2	2	65
3	2	30	55	90
98	58	62	73	1
7	56	4	90	16
89	39	98	65	27
87	49	70	16	10
65	44	8	78	75
67	79	46	23	50
93	13	20	83	68
19	38	45	49	86
94	79	5	34	80
76	83	86	84	14
94	26	53	97	78
75	38	62	61	17
19	93	12	66	77
87	96	40	73	47
13	93	91	80	13
28	10	80	73	89
57	43	91	27	89
29	75	77	12	32
56	75	41	97	77
88	86	45	64	93
49	53	47	11	94
38	98	7	73	11
82	69	62	4	56
39	70	4	17	81
46	93	25	71	67
28	31	2	4	9
95	33	81	69	27
41	18	67	82	43
24	45	14	18	63
13	75	44	58	96
59	22	54	33	51
10	20	48	82	28
54	68	81	32	59
46	59	92	81	69
13	65	71	75	63
34	38	55	66	96
56	58	3	27	24
93	61	48	22	73
80	76	41	12	56
42	61	9	47	60
4	75	56	3	13
5	40	76	70	80
62	15	81	82	4
66	95	27	87	92
7	21	25	28	100
89	31	12	5	97
37	7	15	75	93
37	65	60	60	59
80	59	39	91	49
29	66	75	49	95
1	93	100	94	14
80	27	3	69	79
83	4	86	21	9
91	44	84	57	64
7	14	95	20	26
6	28	60	62	51
2	70	36	39	26
64	5	51	85	71
77	54	37	5	63
78	87	91	47	37
54	45	73	16	99
32	70	60	22	54
90	84	10	95	47
76	83	32	33	16